Students id year gpa
100,7,4
101,8,3
102,8,2
103,10,3
104,11,4

Professors id age
201,41
202,46
203,52

Courses id level professor_id capacity
301,7,202,50
302,9,203,40
303,8,202,125
304,11,201,30
305,10,203,35

Enrollments student_id course_id
100,301
104,304
104,305
102,202
101,202
102,302
101,301
103,305
103,303

SmallOne a1 b1
1000,1
2000,2

SmallTwo a2 b2
1000,3
2000,4

Sailors A B C
1,200,50
2,200,200
3,100,105
4,100,50
5,100,500
6,300,400


Boats D E F
101,2,3
102,3,4
104,104,2
103,1,1
107,2,8

Reserves G H
1,101
1,102
1,103
2,101
3,102
4,104

NullTable c1 c2 c3 c4 c5



